     2.10           N: GPS NAV DATA                         RINEX VERSION / TYPE
MYPROGRAM V.1.0     AIUB                22-AUG-23 14:39      PGM / RUN BY / DATE
IGS BROADCAST EPHEMERIS FILE                                COMMENT
     .1676D-07   .2235D-07   .1514D-04   .1514D-04                  ION ALPHA
     .1147D+06   .8192D+05   .1665D+08   .6554D+05                  ION BETA
     .399999999814D+01  .149011532002D-07   405504     2276 DELTA-UTC: A0,A1,T,W
    18                                                      LEAP SECONDS
                                                            END OF HEADER
 2 23 08 22 11 59 42.0 -.139044271782D-02  .420641299570D-11  .000000000000D+00
     .820000000000D+02 -.200603125000D+04  .138163613883D-08  .145335488813D+01
    -.120276585221D-03  .159595815931D-01 -.927411019802D-05  .515354387856D+04
     .216000000000D+06  .122012570500D-03  .212179790717D+00  .409781932831D-06
     .308024046943D+00  .203812500000D+03 -.156955780415D+01  .744068984204D-08
    -.184581949725D-08  .100000000000D+01  .227600000000D+04  .100000000000D+01
     .000000000000D+00  .000000000000D+00  .139044271782D-02  .820000000000D+02
     .358010000000D+05  .000000000000D+00  .000000000000D+00  .000000000000D+00
 3 23 08 22 11 59 26.0 -.177832692862D-02  .187583282241D-10  .000000000000D+00
     .400000000000D+01  .362500000000D+01  .136424205266D-08 -.215974254068D+00
     .268220901489D-06  .510047026910D-02  .749155879021D-05  .515361173058D+04
     .215984000000D+06  .931322574615D-08  .572042559739D+00  .763684511185D-07
     .311936771497D+00 -.245031250000D+03 -.348700247239D+00  .744057615520D-08
     .694626578479D-10  .100000000000D+01  .227600000000D+04  .100000000000D+01
     .000000000000D+00  .000000000000D+00  .177832692862D-02  .400000000000D+01
     .358010000000D+05  .000000000000D+00  .000000000000D+00  .000000000000D+00
 6 23 08 22 11 59 42.0  .562685541809D-03 -.744500994188D-08  .000000000000D+00
     .350000000000D+02 -.200781250000D+04  .124464349938D-08  .664827850647D+00
    -.120133161545D-03  .270393432584D-02  .892207026482D-05  .515372749710D+04
     .216000000000D+06  .875443220139D-07 -.241513821296D+00  .122020021081D-03
     .314966996666D+00  .220843750000D+03  .175020954106D+01  .744091721572D-08
    -.184445525520D-08  .100000000000D+01  .227600000000D+04  .100000000000D+01
     .000000000000D+00  .000000000000D+00  .562685541809D-03  .350000000000D+02
     .358000000000D+05  .000000000000D+00  .000000000000D+00  .000000000000D+00
 9 23 08 22 11 59 42.0  .187304476276D-02  .989075488178D-11  .000000000000D+00
     .410000000000D+02 -.201350000000D+04  .154568624566D-08 -.145888870209D+01
    -.120192766190D-03  .264947861433D-02 -.630877912045D-05  .515355267143D+04
     .216000000000D+06  .122016295791D-03 -.897764517460D+00  .521540641785D-07
     .304596216884D+00 -.254562500000D+03 -.616751879919D+00  .744023509469D-08
    -.178818027052D-08  .100000000000D+01  .227600000000D+04  .100000000000D+01
     .000000000000D+00  .000000000000D+00  .187304476276D-02  .410000000000D+02
     .358000000000D+05  .000000000000D+00  .000000000000D+00  .000000000000D+00
17 23 08 22 11 59 42.0  .723052769899D-03  .454747350886D-12  .000000000000D+00
     .700000000000D+01 -.202943750000D+04  .141506006912D-08  .128203425510D+01
    -.121382996440D-03  .136669371277D-01 -.440329313278D-05  .515356580925D+04
     .216000000000D+06  .154599547386D-06  .192467313260D+01  .195577740669D-06
     .309792864602D+00 -.296843750000D+03 -.155303171696D+01  .744068984204D-08
    -.184627424460D-08  .100000000000D+01  .227600000000D+04  .100000000000D+01
     .000000000000D+00  .000000000000D+00  .723052769899D-03  .700000000000D+01
     .358000000000D+05  .000000000000D+00  .000000000000D+00  .000000000000D+00
19 23 08 22 11 59 42.0  .361090991646D-03  .511590769747D-11  .000000000000D+00
     .610000000000D+02 -.202165625000D+04  .145416834130D-08  .195621270407D+01
    -.120649114251D-03  .945583672728D-02  .487826764584D-05  .515363872147D+04
     .216000000000D+06  .223517417908D-07  .193882340332D+01  .121960416436D-03
     .309510645457D+00 -.291625000000D+03  .761462002993D+00  .744023509469D-08
    -.183524662134D-08  .100000000000D+01  .227600000000D+04  .100000000000D+01
     .000000000000D+00  .000000000000D+00  .361090991646D-03  .610000000000D+02
     .358000000000D+05  .000000000000D+00  .000000000000D+00  .000000000000D+00
25 23 08 22 11 59 42.0 -.463587231934D-03  .216004991671D-11  .000000000000D+00
     .120000000000D+02  .748125000000D+02  .153329438035D-08  .101922859438D+00
     .371970236301D-05  .110990297981D-01  .622496008873D-05  .515369122887D+04
     .216000000000D+06  .121900811791D-03 -.156731083849D+01  .165775418282D-06
     .303048167378D+00 -.258968750000D+03 -.334646177944D+00  .744000772102D-08
     .597992766416D-10  .100000000000D+01  .227600000000D+04  .100000000000D+01
     .000000000000D+00  .000000000000D+00  .463587231934D-03  .120000000000D+02
     .358000000000D+05  .000000000000D+00  .000000000000D+00  .000000000000D+00
31 23 08 22 11 59 42.0 -.173088768497D-02 -.745001216274D-08  .000000000000D+00
     .660000000000D+02  .221562500000D+02  .138686573337D-08 -.108903264627D+00
     .132620334625D-05  .103949832264D-01  .105928629637D-04  .515361536217D+04
     .216000000000D+06  .521540641785D-07  .124531366164D+01  .223517417908D-06
     .303829525132D+00 -.171375000000D+03  .181254322641D+00  .744057615520D-08
    -.182285475603D-08  .100000000000D+01  .227600000000D+04  .100000000000D+01
     .000000000000D+00  .000000000000D+00  .173088768497D-02  .660000000000D+02
     .358010000000D+05  .000000000000D+00  .000000000000D+00  .000000000000D+00
32 23 08 22 11 59 42.0 -.140808569267D-02 -.744387307350D-08  .000000000000D+00
     .960000000000D+02 -.200768750000D+04  .148327217175D-08  .148750893259D+01
    -.119943171740D-03  .698052544612D-02  .680051743984D-05  .515377660370D+04
     .216000000000D+06  .203028321266D-06  .902071042452D+00  .122006982565D-03
     .305736454669D+00  .251750000000D+03  .129712161515D+01  .744057615520D-08
    -.177055881068D-08  .100000000000D+01  .227600000000D+04  .100000000000D+01
     .000000000000D+00  .000000000000D+00  .140808569267D-02  .960000000000D+02
     .358000000000D+05  .000000000000D+00  .000000000000D+00  .000000000000D+00
