     2.10           N: GPS NAV DATA                         RINEX VERSION / TYPE
MYPROGRAM V.1.0     AIUB                31-JUL-23 9:42      PGM / RUN BY / DATE
IGS BROADCAST EPHEMERIS FILE                                COMMENT
     .1490D-07   .2235D-07   .1514D-04   .1514D-04          ION ALPHA
     .1167D+06   .1475D+06   .1671D+08   .1645D+08          ION BETA
     .000000000000D+00  .149011567530D-07   233472      225 DELTA-UTC: A0,A1,T,W
    18                                                      LEAP SECONDS
                                                            END OF HEADER
16 23 07 31 07 59 42.0  .147884804755D-02  .466116034659D-11  .000000000000D+00
     .104000000000D+03  .662500000000D+01  .144552814163D-08  .676147490274D+00
     .281259417534D-06  .133066336857D-01  .966899096966D-05  .515363516998D+04
     .115200000000D+06  .121833756566D-03  .171957170591D+01  .121885910630D-03
     .306958884001D+00  .197531250000D+03  .251413770951D+00  .190489527085D-05
     .167835878528D-08  .100000000000D+01  .225000000000D+03  .100000000000D+01
     .000000000000D+00  .000000000000D+00  .147884804755D-02  .104000000000D+03
     .184240000000D+05  .000000000000D+00
26 23 07 31 07 59 42.0  .234685372561D-03  .744921635487D-08  .000000000000D+00
     .170000000000D+02  .204125000000D+04  .170643943420D-08  .958974111825D+00
     .121744349599D-03  .801523472182D-02  .852718949318D-05  .515372379112D+04
     .115200000000D+06  .121947377920D-03  .166923086205D+01  .122014433146D-03
     .297005193774D+00  .202500000000D+03  .147052057553D+00  .190476941953D-05
     .168120095623D-08  .100000000000D+01  .225000000000D+03  .100000000000D+01
     .000000000000D+00  .000000000000D+00  .234685372561D-03  .170000000000D+02
     .184230000000D+05  .000000000000D+00
27 23 07 31 07 59 26.0  .193972466514D-02  .744364569982D-08  .000000000000D+00
     .390000000000D+02  .131000000000D+03  .134855326905D-08  .386380446143D+00
     .707060098648D-05  .115497468505D-01  .964477658272D-05  .515367752647D+04
     .115184000000D+06  .121945515275D-03  .234108716249D-01  .208616256714D-06
     .307814168278D+00  .197500000000D+03  .236384635791D+00  .190481011941D-05
     .180170900421D-08  .100000000000D+01  .225000000000D+03  .100000000000D+01
     .000000000000D+00  .000000000000D+00  .193972466514D-02  .390000000000D+02
     .184240000000D+05  .000000000000D+00
10 23 07 31 07 59 42.0  .190577050671D-02  .744898898120D-08  .000000000000D+00
     .820000000000D+02  .190275000000D+04  .119905507745D-08  .101486083493D+01
     .114537775517D-03  .864505395293D-02  .498816370964D-05  .515369477081D+04
     .115200000000D+06  .122060999274D-03  .691127023194D+00  .121982768178D-03
     .311830646824D+00  .292343750000D+03  .122277911939D+01  .190488299268D-05
     .179352355190D-08  .100000000000D+01  .225000000000D+03  .100000000000D+01
     .000000000000D+00  .000000000000D+00  .190577050671D-02  .820000000000D+02
     .184230000000D+05  .000000000000D+00
13 23 07 31 07 59 42.0  .554118771106D-03  .488853402203D-11  .000000000000D+00
     .820000000000D+02  .200646875000D+04  .128068222693D-08  .256179807708D+00
     .119846314192D-03  .725654838607D-02  .110492110252D-04  .515367313766D+04
     .115200000000D+06  .122025609016D-03  .106894891849D+01  .689178705215D-07
     .308907290921D+00  .172843750000D+03  .292321378365D+00  .190490823115D-05
     .199747773877D-09  .100000000000D+01  .225000000000D+03  .100000000000D+01
     .000000000000D+00  .000000000000D+00  .554118771106D-03  .820000000000D+02
     .183880000000D+05  .000000000000D+00
 5 23 07 31 07 59 26.0  .181615073234D-02  .744910266803D-08  .000000000000D+00
     .500000000000D+01  .188271875000D+04  .134025412990D-08  .491448193789D+00
     .113336369395D-03  .607077311724D-02  .400468707085D-05  .515371426773D+04
     .115184000000D+06  .260770320892D-07  .676868496928D+00  .121982768178D-03
     .307777519338D+00  .311656250000D+03  .380891411100D+00  .190474747797D-05
     .174202341441D-08  .100000000000D+01  .225000000000D+03  .100000000000D+01
     .000000000000D+00  .000000000000D+00  .181615073234D-02  .500000000000D+01
     .184230000000D+05  .000000000000D+00
 7 23 07 31 07 59 42.0  .109425745904D-03  .743955297366D-08  .000000000000D+00
     .740000000000D+02  .144062500000D+02  .163333879755D-08  .146556936484D+01
     .808387994766D-06  .175025128992D-01  .488013029099D-05  .515372017670D+04
     .115200000000D+06  .344589352608D-06  .135875368956D+01  .122029334307D-03
     .302392124664D+00  .270468750000D+03  .130633021798D+01  .190480409401D-05
     .161776370078D-09  .100000000000D+01  .225000000000D+03  .100000000000D+01
     .000000000000D+00  .000000000000D+00  .109425745904D-03  .740000000000D+02
     .184230000000D+05  .000000000000D+00
18 23 07 31 07 59 42.0  .158764142543D-02  .743682448956D-08  .000000000000D+00
     .121000000000D+03  .531875000000D+02  .138481937029D-08  .173484678380D+01
     .268220901489D-05  .352835713420D-02  .122062861919D-03  .515366479111D+04
     .115200000000D+06  .614672899246D-07  .363957238849D+00  .121995806694D-03
     .309995800722D+00  .388625000000D+03  .996919857338D+00  .190470882444D-05
     .186116722034D-08  .100000000000D+01  .225000000000D+03  .100000000000D+01
     .000000000000D+00  .000000000000D+00  .158764142543D-02  .121000000000D+03
     .184220000000D+05  .000000000000D+00
15 23 07 31 07 59 42.0  .631278380752D-04  .363797880709D-11  .000000000000D+00
     .300000000000D+02  .196943750000D+04  .152090251504D-08  .599364116788D-01
     .118087977171D-03  .151773039252D-01  .109020620584D-04  .515376135445D+04
     .115200000000D+06  .121826305985D-03  .979441880714D+00  .152736902237D-06
     .297101934440D+00  .159500000000D+03  .382812500000D+00  .190474463579D-05
     .137674760481D-09  .100000000000D+01  .225000000000D+03  .100000000000D+01
     .000000000000D+00  .000000000000D+00  .631278380752D-04  .300000000000D+02
     .184210000000D+05  .000000000000D+00
 8 23 07 31 07 59 42.0  .181822804734D-02  .744876160752D-08  .000000000000D+00
     .340000000000D+02  .135218750000D+03  .141983491631D-08  .371997930575D+00
     .732019543648D-05  .851623888593D-02  .911206007004D-05  .515373563385D+04
     .115200000000D+06  .521540641785D-07  .158121897839D-01  .100582838058D-06
     .304975602310D+00  .200062500000D+03  .860293162987D-01  .190480807305D-05
     .177965375769D-08  .100000000000D+01  .225000000000D+03  .100000000000D+01
     .000000000000D+00  .000000000000D+00  .181822804734D-02  .340000000000D+02
     .184230000000D+05  .000000000000D+00
